AFAM -314,-320,-324,-337,-356,-357,-371,-381,-388
AMST -324,-345
ANTH -304,-305,-306,-311
ART -311,-312,-380
ASAM -320,-322,-325,-327
CHIC -302,-304,-315,-316,-330,-333,-336,-337,-340
CHIC -367,-369
CHIN -315,-325
COMM -300
CPLT -312,-315,-324,-325,-356,-380,-381,-382
RLST -305,-312,-322,-337,-361,-362,-341,-342,-346,-371,-372,-350,-351,-352,-358,-367,-373,-374,-375
DANC -371,-301
ENGL -306,-324,-327,-328,-341,-356,-381,-331
FREN -315,-325,-375
GRMN -315,-325,-335
HIST -341,-377
HONR -302
HUM -350
JAPN -315,-316,-375,-390
LBST -323,-335,-341
MUS -302,-303,-304,-305,-307,-350,-308,-355,-356,-357
PHIL -300,-311,-312,-313,-314,-316,-320,-323,-325,-350,-379,-349
PORT -320,-325,-385
POSC -340
CTVA -369,-370,-372,-373,-374
SPAN -315,-316,-325,-326,-375,-390
THTR -300,-311,-320,-383
VIET -315,-325,-375,-385,-390,-395
WGST -320
