AFAM -107,-301,-304,-306,-308,-310,-311,-314,-317,-320,-322,-325,-335,-337,-346,-356,-357,-370,-371,-381
AMST -301,-395,-320
ANTH -304,-305,-306,-311,-300,-310,-321,-325,-327,-328,-329,-340,-345,-347,-350,-360,-308,-315,-316,-332,-333,-342
ASAM -201,-220,-230,-300,-308,-320,-322,-325,-327,-340,-342,-344,-346,-360,-362,-364,-366,-370
CAS -370
CHIC -106,-220,-302,-304,-315,-316,-325,-330,-333,-340,-303,-313,-331,-332,-345,-350,-353,-305,-367,-369
CHIN -315
CPLT -380,-381,-382
RLST -305,-321,-322,-325,-333,-337,-352,-361,-362,-341,-342,-346,-367,-371,-372,-373,-374,-380
CRJU -385
DANC -301,-371
EDEL -325
ENGL -323,-327,-328,-381
EUST -315
FREN -315,-325
GEOG -332,-333,-340,-342,-345
GRMN -315,-325
HCOM -320,-340
HIST -110,-201,-310,-315
HONR -302,-303,-306
HUM -350
JAPN -315,-316
LBST -310,-315,-322,-323
LTAM -300,-350
MUS -302,-303,-304,-305,-308,-356,-357
PHIL -302,-320,-350,-377
PORT -320,-385
POSC -317
PSYC -321,-322,-346
CTVA -369,-370,-372,-373,-374
SOCI -304,-356,-357
SPAN -315,-316
THTR -300,-315,-357
VIET -385
WGST -302,-306,-308,-310,-313,-316,-360,-205,-330
